292
316
326
390
1248
1308
1563
1784
2272
2360
2495
3564
3754
3947
4250
4254
4518
4749
5047
5238
5558
5705
5982
6377
6755
7031
7279
7574
7594
7908
8275
8683
8686
8864
8932
8992
9460
9536
9840
9932
10524
10817
10930
11131
11136
11414
11619
11657
12196
12391
12747
12955
13921
14015
14162
14219
15712
15723
15747
15787
15790
15816
15822
15927
16001
16039
16112
16133
16144
16195
16321
16328
16341
16357
16530
16655
16675
16677
16737
16827
16909
16918
16922
16948
17016
17040
17151
17162
17238
17261
17262
17263
17264
17265
17266
17267
17268
17270
17271
17272
