292
316
326
390
1248
1308
1563
1784
2272
2360
2495
3564
3754
3947
4250
4254
4518
4749
5047
5238
5558
5705
5982
6377
6755
7031
7279
7574
7594
7908
8275
8683
8686
8864
8932
8992
9460
9536
9840
9932
10524
10817
10930
11131
11136
11414
11619
11657
12196
12391
12747
12955
13921
14015
14162
14219
15712
15723
15747
15787
15790
15816
15822
15927
16001
16039
16112
16133
16144
16195
16321
16328
16341
16357
16530
16655
16675
16677
16737
16827
16909
16918
16922
16948
17016
17040
17151
17162
17238
17261
17262
17263
17264
17265
17266
17267
17268
17270
17271
17272
1180
1514
1916
1932
2169
3008
3768
5392
5556
5604
5631
6162
6299
7752
9671
9691
10491
10737
11249
12268
12639
13100
14498
14719
15608
15739
16015
16079
16259
16386
16390
16526
16610
16636
17095
17110
17133
17170
333
448
546
799
805
878
880
1203
1298
1319
1357
1416
1433
1565
1623
1939
2263
2350
2449
2588
3046
3324
3487
3523
3683
4461
4750
4755
4960
5051
5510
5534
5696
5751
5764
5937
6141
6206
6226
6618
6684
7316
7395
7992
8029
8192
8361
8540
8626
8630
8654
8977
9024
9142
9167
9191
9408
9685
9722
10002
10170
10265
10272
10293
10523
10597
10601
10615
10777
11278
11506
11715
11985
12019
12479
12581
12644
12809
13291
13310
13484
13849
13937
14126
14385
14671
14757
15421
15432
15633
15648
15686
15718
15721
15771
15773
15829
15865
15879
15950
15975
16026
16035
16080
16085
16089
16092
16093
16114
16221
16223
16244
16253
16261
16363
16369
16371
16416
16425
16428
16436
16444
16445
16456
16523
16536
16577
16582
16586
16605
16624
16672
16707
16735
16774
16801
16808
16825
16845
16878
16883
16884
16888
16997
17004
17117
17119
17163
17168
17192
17201
4041
4646
5193
5874
7984
8601
10416
11490
11732
12690
12704
13794
14353
15963
16011
16135
16991
17188
469
498
737
769
795
1117
1414
1683
1750
2105
2172
2379
2614
2648
2831
2985
3053
3632
3935
3937
4860
5554
5598
5664
5766
6205
6408
6477
6491
7159
7192
7334
7468
7634
7706
7712
8861
8875
9925
9972
10604
10676
10758
11070
11555
11597
11735
11832
12364
13277
14035
14861
14960
15009
15632
15722
15769
15782
15794
15866
15887
15917
15941
15947
15948
15951
15969
16000
16016
16053
16068
16088
16099
16100
16107
16139
16154
16176
16228
16245
16336
16347
16370
16380
16405
16467
16479
16599
16727
16761
16807
16914
17020
17041
17113
17124
17208
17214
17226
1847
3055
3059
3964
4247
5683
5899
6257
7604
9228
11438
12072
14676
15609
15966
16412
16522
16602
16679
17218
699
4923
8491
12991
16471
17100
